Traffic Loading Report
----------------------

Traffic source: Traffic from traffic database                     

Circuit-switched blocking probability:   1.00%

Circuit-switched average call duration:   1.76 minutes

Percent of total traffic carried by group: 100.00 %

          Circuit Traffic  Circuit Traffic   Number of    Channel  Current Blocking Packet Traffic
Sector ID   (mErlangs)    Required Channels Channels Set Shortfall Probability (%)  (average mbps)
--------- --------------- ----------------- ------------ --------- ---------------- --------------
ABAB0001       479.99              4              8          -4          0.00          0.4800
ABAC0001       980.97              5              8          -3          0.00          0.9810
ABAE0001      9560.77             19             24          -5          0.01          9.5608
ABAE0003       491.99              4              8          -4          0.00          0.4920
ABAH0001      7439.85             16             16           0          0.46          7.4398
ABAH0002      3995.95             10             16          -6          0.00          3.9960
ABAH0003      6569.79             14             16          -2          0.14          6.5698
ABAI0001      8276.74             17             24          -7          0.00          8.2767
ABAI0002      3230.89              9              8           1          1.95          3.2309
ABAJ0001      6485.91             14             16          -2          0.12          6.4859
ABAJ0003      8543.84             17             24          -7          0.00          8.5438
ABAK0001     28829.62             43             48          -5          0.00         28.8296
ABAK0002      5345.82             12             16          -4          0.02          5.3458
ABAK0003      1760.92              7              8          -1          0.05          1.7609
ABAL0002      3668.91             10             16          -6          0.00          3.6689
ABAM0004     11612.93             21             24          -3          0.10         11.6129
ABAN0001      3995.95             10             16          -6          0.00          3.9960
ABAN0002      6128.90             14             16          -2          0.07          6.1289
ABAO0001       749.97              4              8          -4          0.00          0.7500
ABAO0002       120.00              2              8          -6          0.00          0.1200
ABAP0001      7742.84             16             16           0          0.67          7.7428
ABAP0002      3029.94              9             16          -7          0.00          3.0299
ABAP0003      1598.97              6              8          -2          0.03          1.5990
ABAQ0001      5639.94             13             16          -3          0.03          5.6399
ABAQ0002      1325.97              6              8          -2          0.01          1.3260
ABAR0001      2552.91              8              8           0          0.51          2.5529
ABAR0002      3008.90              9             16          -7          0.00          3.0089
ABAS0001       728.97              4              8          -4          0.00          0.7290
ABAS0002      1832.92              7              8          -1          0.07          1.8329
ABAS0003      8102.84             17             24          -7          0.00          8.1028
ABAT0001      1388.93              6              8          -2          0.01          1.3889
ABAU0002       626.98              4              8          -4          0.00          0.6270
ABAV0001      1430.96              6              8          -2          0.01          1.4310
ABAV0002      1523.96              6              8          -2          0.02          1.5240
ABAW0001      2294.95              7              8          -1          0.27          2.2950
ABAW0002     14105.76             25             32          -7          0.00         14.1058
ABAX0001      1253.99              5              8          -3          0.01          1.2540
ABAX0002      4850.87             12             16          -4          0.01          4.8509
ABAY0002        80.99              2              8          -6          0.00          0.0810
ABAZ0001      7016.83             15             16          -1          0.26          7.0168
ABAZ0002      1100.97              5              8          -3          0.00          1.1010
ABBA0001       239.98              3              8          -5          0.00          0.2400
ABBA0002      2642.91              8              8           0          0.63          2.6429
ABBC0001      1757.97              6              8          -2          0.05          1.7580
ABBC0002      7241.85             15             16          -1          0.36          7.2419
ABBD0001       554.97              4              8          -4          0.00          0.5550
ABBD0002      2108.92              7              8          -1          0.16          2.1089
M101          1331.97              6              8          -2          0.01          1.3320
M102         23045.38             36             40          -4          0.00         23.0454
ABAF0001      2963.97              9             16          -7          0.00          2.9640
M103          7601.87             16             16           0          0.57          7.6019
ABAG0001      1238.98              5              8          -3          0.00          1.2390
M104         17975.75             30             32          -2          0.19         17.9757
M105         15233.85             26             32          -6          0.01         15.2339
M201         17084.69             29             32          -3          0.09         17.0847
M202          4295.90             11             16          -5          0.00          4.2959
M203         11609.71             21             24          -3          0.10         11.6097
W203          3128.92              9             16          -7          0.00          3.1289
M301         10853.78             20             16           4         10.43         10.8538
M302          7448.86             16             16           0          0.47          7.4489
M401          4559.92             11             16          -5          0.00          4.5599
M402          5795.86             13             16          -3          0.04          5.7959
M403          3290.89              9             16          -7          0.00          3.2909
W101           164.98              3              8          -5          0.00          0.1650
W102          2258.97              7              8          -1          0.24          2.2590
W202          1457.92              6              8          -2          0.01          1.4579
